function val = integrand(x1, x2)

val = 224.0879*x1-64.6869*x2+229.4303*x1^3-168.5534*x1^2+48.6559*x1*x2-66.2291*x1^2*x2+111.0209*x1*x2^2-32.0481*x2^3; 

end


