function val = KnewFunc(x1, x2)

val = [ 172.07272499999999126885086297989*x1^2 - 33.114550000000001261923898709938*x1*x2 - 112.36893333333334036675902704398*x1 + 27.755224999999999369038050645031*x2^2 + 16.218633333333334197353300017615*x2 + 112.04394999999999527062755078077, - 16.557275000000000630961949354969*x1^2 + 55.510449999999998738076101290062*x1*x2 + 16.218633333333334197353300017615*x1 - 24.036074999999998524913280562032*x2^2 - 32.343449999999997146460373187438];

end