function feedback = MGobserver(x, y)

    feedBack = 364.3177*x1+35.4547*x2+261.2955*x1^3+26.3638*x1^2+2.9268*x1*x2-0.0919*x2^2+59.3999*x1^2*x2+4.5435*x1*x2^2+0.1212*x2^3; 

end