function xdot = MGmodel(~, xcurr, xstar1)

    x1 = xcurr(1);
    x2 = xcurr(2); 

    % For every xstar1, there is a stable xstar2. 
    xstar2 =  -0.5*xstar1^3 - 1.5*xstar1^2;
    
%     u = -(-1.2447e+07*x1+3.5929e+06*x2-5.2885e+06*x1^3-5.8582e+04*x1^2+3.3821e+04*x1*x2-4.8814e+03*x2^2+4.5799e+06*x1^2*x2-1.3220e+06*x1*x2^2+1.2721e+05*x2^3-4.6252e+04*x1^4+5.3405e+04*x1^3*x2-2.3125e+04*x1^2*x2^2+4.4502e+03*x1*x2^3-321.1586*x2^4-7.6756e+06*x1^5+1.1078e+07*x1^4*x2-6.3960e+06*x1^3*x2^2+1.8463e+06*x1^2*x2^3-2.6649e+05*x1*x2^4+1.5385e+04*x2^5);
  %   ulower = 0; 
%     u = -(-33.3324*x1...
%              +10.5770*x2...
%              -18.9575*x1^3 ...
%              -2.1281*x1^2 ...
%              +2.0662*x1*x2 ...
%              +0.1299*x2^2 ...
%              +14.8473*x1^2*x2...
%              -3.8578*x1*x2^2 ...
%              +0.3712*x2^3); 
%        
%       ulower = (-33.3324*xstar1...
%              +10.5770*xstar2...
%              -18.9575*xstar1^3 ...
%              -2.1281*xstar1^2 ...
%              +2.0662*xstar1*x2 ...
%              +0.1299*xstar2^2 ...
%              +14.8473*xstar1^2*xstar2...
%              -3.8578*xstar1*xstar2^2 ...
%              +0.3712*xstar2^3);    
    u = -12000*(xstar1-x1);     
    ustar = -xstar1; 
    
    xdot =[-0.5*x1^3-1.5*x1^2-x2;... 
                x1 + u + ustar]; 
            

end 